5000000000000000000000000000000000000000000000000000000000000000000000000000000000000000000000000000
7500000000000000000000000000000000000000000000000000000000000000000000000000000000000000000000000000
8750000000000000000000000000000000000000000000000000000000000000000000000000000000000000000000000000
9375000000000000000000000000000000000000000000000000000000000000000000000000000000000000000000000000
9687500000000000000000000000000000000000000000000000000000000000000000000000000000000000000000000000
9843750000000000000000000000000000000000000000000000000000000000000000000000000000000000000000000000
9921875000000000000000000000000000000000000000000000000000000000000000000000000000000000000000000000
9960937500000000000000000000000000000000000000000000000000000000000000000000000000000000000000000000
9980468750000000000000000000000000000000000000000000000000000000000000000000000000000000000000000000
9990234375000000000000000000000000000000000000000000000000000000000000000000000000000000000000000000
9995117187500000000000000000000000000000000000000000000000000000000000000000000000000000000000000000
9997558593750000000000000000000000000000000000000000000000000000000000000000000000000000000000000000
9998779296875000000000000000000000000000000000000000000000000000000000000000000000000000000000000000
9999389648437500000000000000000000000000000000000000000000000000000000000000000000000000000000000000
9999694824218750000000000000000000000000000000000000000000000000000000000000000000000000000000000000
9999847412109375000000000000000000000000000000000000000000000000000000000000000000000000000000000000
9999923706054687500000000000000000000000000000000000000000000000000000000000000000000000000000000000
9999961853027343750000000000000000000000000000000000000000000000000000000000000000000000000000000000
9999980926513671875000000000000000000000000000000000000000000000000000000000000000000000000000000000
9999990463256835937500000000000000000000000000000000000000000000000000000000000000000000000000000000
9999995231628417968750000000000000000000000000000000000000000000000000000000000000000000000000000000
9999997615814208984375000000000000000000000000000000000000000000000000000000000000000000000000000000
9999998807907104492187500000000000000000000000000000000000000000000000000000000000000000000000000000
9999999403953552246093750000000000000000000000000000000000000000000000000000000000000000000000000000
9999999701976776123046875000000000000000000000000000000000000000000000000000000000000000000000000000
9999999850988388061523437500000000000000000000000000000000000000000000000000000000000000000000000000
9999999925494194030761718750000000000000000000000000000000000000000000000000000000000000000000000000
9999999962747097015380859375000000000000000000000000000000000000000000000000000000000000000000000000
9999999981373548507690429687500000000000000000000000000000000000000000000000000000000000000000000000
9999999990686774253845214843750000000000000000000000000000000000000000000000000000000000000000000000
9999999995343387126922607421875000000000000000000000000000000000000000000000000000000000000000000000
9999999997671693563461303710937500000000000000000000000000000000000000000000000000000000000000000000
9999999998835846781730651855468750000000000000000000000000000000000000000000000000000000000000000000
9999999999417923390865325927734375000000000000000000000000000000000000000000000000000000000000000000
9999999999708961695432662963867187500000000000000000000000000000000000000000000000000000000000000000
9999999999854480847716331481933593750000000000000000000000000000000000000000000000000000000000000000
9999999999927240423858165740966796875000000000000000000000000000000000000000000000000000000000000000
9999999999963620211929082870483398437500000000000000000000000000000000000000000000000000000000000000
9999999999981810105964541435241699218750000000000000000000000000000000000000000000000000000000000000
9999999999990905052982270717620849609375000000000000000000000000000000000000000000000000000000000000
9999999999995452526491135358810424804687500000000000000000000000000000000000000000000000000000000000
9999999999997726263245567679405212402343750000000000000000000000000000000000000000000000000000000000
9999999999998863131622783839702606201171875000000000000000000000000000000000000000000000000000000000
9999999999999431565811391919851303100585937500000000000000000000000000000000000000000000000000000000
9999999999999715782905695959925651550292968750000000000000000000000000000000000000000000000000000000
9999999999999857891452847979962825775146484375000000000000000000000000000000000000000000000000000000
9999999999999928945726423989981412887573242187500000000000000000000000000000000000000000000000000000
9999999999999964472863211994990706443786621093750000000000000000000000000000000000000000000000000000
9999999999999982236431605997495353221893310546875000000000000000000000000000000000000000000000000000
9999999999999991118215802998747676610946655273437500000000000000000000000000000000000000000000000000
9999999999999995559107901499373838305473327636718750000000000000000000000000000000000000000000000000
9999999999999997779553950749686919152736663818359375000000000000000000000000000000000000000000000000
9999999999999998889776975374843459576368331909179687500000000000000000000000000000000000000000000000
9999999999999999444888487687421729788184165954589843750000000000000000000000000000000000000000000000
9999999999999999722444243843710864894092082977294921875000000000000000000000000000000000000000000000
9999999999999999861222121921855432447046041488647460937500000000000000000000000000000000000000000000
9999999999999999930611060960927716223523020744323730468750000000000000000000000000000000000000000000
9999999999999999965305530480463858111761510372161865234375000000000000000000000000000000000000000000
9999999999999999982652765240231929055880755186080932617187500000000000000000000000000000000000000000
9999999999999999991326382620115964527940377593040466308593750000000000000000000000000000000000000000
9999999999999999995663191310057982263970188796520233154296875000000000000000000000000000000000000000
9999999999999999997831595655028991131985094398260116577148437500000000000000000000000000000000000000
9999999999999999998915797827514495565992547199130058288574218750000000000000000000000000000000000000
9999999999999999999457898913757247782996273599565029144287109375000000000000000000000000000000000000
9999999999999999999728949456878623891498136799782514572143554687500000000000000000000000000000000000
9999999999999999999864474728439311945749068399891257286071777343750000000000000000000000000000000000
9999999999999999999932237364219655972874534199945628643035888671875000000000000000000000000000000000
9999999999999999999966118682109827986437267099972814321517944335937500000000000000000000000000000000
9999999999999999999983059341054913993218633549986407160758972167968750000000000000000000000000000000
9999999999999999999991529670527456996609316774993203580379486083984375000000000000000000000000000000
9999999999999999999995764835263728498304658387496601790189743041992187500000000000000000000000000000
9999999999999999999997882417631864249152329193748300895094871520996093750000000000000000000000000000
9999999999999999999998941208815932124576164596874150447547435760498046875000000000000000000000000000
9999999999999999999999470604407966062288082298437075223773717880249023437500000000000000000000000000
9999999999999999999999735302203983031144041149218537611886858940124511718750000000000000000000000000
9999999999999999999999867651101991515572020574609268805943429470062255859375000000000000000000000000
9999999999999999999999933825550995757786010287304634402971714735031127929687500000000000000000000000
9999999999999999999999966912775497878893005143652317201485857367515563964843750000000000000000000000
9999999999999999999999983456387748939446502571826158600742928683757781982421875000000000000000000000
9999999999999999999999991728193874469723251285913079300371464341878890991210937500000000000000000000
9999999999999999999999995864096937234861625642956539650185732170939445495605468750000000000000000000
9999999999999999999999997932048468617430812821478269825092866085469722747802734375000000000000000000
9999999999999999999999998966024234308715406410739134912546433042734861373901367187500000000000000000
9999999999999999999999999483012117154357703205369567456273216521367430686950683593750000000000000000
9999999999999999999999999741506058577178851602684783728136608260683715343475341796875000000000000000
9999999999999999999999999870753029288589425801342391864068304130341857671737670898437500000000000000
9999999999999999999999999935376514644294712900671195932034152065170928835868835449218750000000000000
9999999999999999999999999967688257322147356450335597966017076032585464417934417724609375000000000000
9999999999999999999999999983844128661073678225167798983008538016292732208967208862304687500000000000
9999999999999999999999999991922064330536839112583899491504269008146366104483604431152343750000000000
9999999999999999999999999995961032165268419556291949745752134504073183052241802215576171875000000000
9999999999999999999999999997980516082634209778145974872876067252036591526120901107788085937500000000
9999999999999999999999999998990258041317104889072987436438033626018295763060450553894042968750000000
9999999999999999999999999999495129020658552444536493718219016813009147881530225276947021484375000000
9999999999999999999999999999747564510329276222268246859109508406504573940765112638473510742187500000
9999999999999999999999999999873782255164638111134123429554754203252286970382556319236755371093750000
9999999999999999999999999999936891127582319055567061714777377101626143485191278159618377685546875000
9999999999999999999999999999968445563791159527783530857388688550813071742595639079809188842773437500
9999999999999999999999999999984222781895579763891765428694344275406535871297819539904594421386718750
9999999999999999999999999999992111390947789881945882714347172137703267935648909769952297210693359375
9999999999999999999999999999996055695473894940972941357173586068851633967824454884976148605346679687
9999999999999999999999999999998027847736947470486470678586793034425816983912227442488074302673339843
9999999999999999999999999999999013923868473735243235339293396517212908491956113721244037151336669921
9999999999999999999999999999999506961934236867621617669646698258606454245978056860622018575668334960
9999999999999999999999999999999753480967118433810808834823349129303227122989028430311009287834167480
9999999999999999999999999999999876740483559216905404417411674564651613561494514215155504643917083740
9999999999999999999999999999999938370241779608452702208705837282325806780747257107577752321958541870
9999999999999999999999999999999969185120889804226351104352918641162903390373628553788876160979270935
9999999999999999999999999999999984592560444902113175552176459320581451695186814276894438080489635467
9999999999999999999999999999999992296280222451056587776088229660290725847593407138447219040244817733
9999999999999999999999999999999996148140111225528293888044114830145362923796703569223609520122408866
9999999999999999999999999999999998074070055612764146944022057415072681461898351784611804760061204433
9999999999999999999999999999999999037035027806382073472011028707536340730949175892305902380030602216
9999999999999999999999999999999999518517513903191036736005514353768170365474587946152951190015301108
9999999999999999999999999999999999759258756951595518368002757176884085182737293973076475595007650554
9999999999999999999999999999999999879629378475797759184001378588442042591368646986538237797503825277
9999999999999999999999999999999999939814689237898879592000689294221021295684323493269118898751912638
9999999999999999999999999999999999969907344618949439796000344647110510647842161746634559449375956319
9999999999999999999999999999999999984953672309474719898000172323555255323921080873317279724687978159
9999999999999999999999999999999999992476836154737359949000086161777627661960540436658639862343989079
9999999999999999999999999999999999996238418077368679974500043080888813830980270218329319931171994539
9999999999999999999999999999999999998119209038684339987250021540444406915490135109164659965585997269
9999999999999999999999999999999999999059604519342169993625010770222203457745067554582329982792998634
9999999999999999999999999999999999999529802259671084996812505385111101728872533777291164991396499317
9999999999999999999999999999999999999764901129835542498406252692555550864436266888645582495698249658
9999999999999999999999999999999999999882450564917771249203126346277775432218133444322791247849124829
9999999999999999999999999999999999999941225282458885624601563173138887716109066722161395623924562414
9999999999999999999999999999999999999970612641229442812300781586569443858054533361080697811962281207
9999999999999999999999999999999999999985306320614721406150390793284721929027266680540348905981140603
9999999999999999999999999999999999999992653160307360703075195396642360964513633340270174452990570301
9999999999999999999999999999999999999996326580153680351537597698321180482256816670135087226495285150
9999999999999999999999999999999999999998163290076840175768798849160590241128408335067543613247642575
9999999999999999999999999999999999999999081645038420087884399424580295120564204167533771806623821287
9999999999999999999999999999999999999999540822519210043942199712290147560282102083766885903311910643
9999999999999999999999999999999999999999770411259605021971099856145073780141051041883442951655955321
9999999999999999999999999999999999999999885205629802510985549928072536890070525520941721475827977660
9999999999999999999999999999999999999999942602814901255492774964036268445035262760470860737913988830
9999999999999999999999999999999999999999971301407450627746387482018134222517631380235430368956994415
9999999999999999999999999999999999999999985650703725313873193741009067111258815690117715184478497207
9999999999999999999999999999999999999999992825351862656936596870504533555629407845058857592239248603
9999999999999999999999999999999999999999996412675931328468298435252266777814703922529428796119624301
9999999999999999999999999999999999999999998206337965664234149217626133388907351961264714398059812150
9999999999999999999999999999999999999999999103168982832117074608813066694453675980632357199029906075
9999999999999999999999999999999999999999999551584491416058537304406533347226837990316178599514953037
9999999999999999999999999999999999999999999775792245708029268652203266673613418995158089299757476518
9999999999999999999999999999999999999999999887896122854014634326101633336806709497579044649878738259
9999999999999999999999999999999999999999999943948061427007317163050816668403354748789522324939369129
9999999999999999999999999999999999999999999971974030713503658581525408334201677374394761162469684564
9999999999999999999999999999999999999999999985987015356751829290762704167100838687197380581234842282
9999999999999999999999999999999999999999999992993507678375914645381352083550419343598690290617421141
9999999999999999999999999999999999999999999996496753839187957322690676041775209671799345145308710570
9999999999999999999999999999999999999999999998248376919593978661345338020887604835899672572654355285
9999999999999999999999999999999999999999999999124188459796989330672669010443802417949836286327177642
9999999999999999999999999999999999999999999999562094229898494665336334505221901208974918143163588821
9999999999999999999999999999999999999999999999781047114949247332668167252610950604487459071581794410
9999999999999999999999999999999999999999999999890523557474623666334083626305475302243729535790897205
9999999999999999999999999999999999999999999999945261778737311833167041813152737651121864767895448602
9999999999999999999999999999999999999999999999972630889368655916583520906576368825560932383947724301
9999999999999999999999999999999999999999999999986315444684327958291760453288184412780466191973862150
9999999999999999999999999999999999999999999999993157722342163979145880226644092206390233095986931075
9999999999999999999999999999999999999999999999996578861171081989572940113322046103195116547993465537
9999999999999999999999999999999999999999999999998289430585540994786470056661023051597558273996732768
9999999999999999999999999999999999999999999999999144715292770497393235028330511525798779136998366384
9999999999999999999999999999999999999999999999999572357646385248696617514165255762899389568499183192
9999999999999999999999999999999999999999999999999786178823192624348308757082627881449694784249591596
9999999999999999999999999999999999999999999999999893089411596312174154378541313940724847392124795798
9999999999999999999999999999999999999999999999999946544705798156087077189270656970362423696062397899
9999999999999999999999999999999999999999999999999973272352899078043538594635328485181211848031198949
9999999999999999999999999999999999999999999999999986636176449539021769297317664242590605924015599474
9999999999999999999999999999999999999999999999999993318088224769510884648658832121295302962007799737
9999999999999999999999999999999999999999999999999996659044112384755442324329416060647651481003899868
9999999999999999999999999999999999999999999999999998329522056192377721162164708030323825740501949934
9999999999999999999999999999999999999999999999999999164761028096188860581082354015161912870250974967
9999999999999999999999999999999999999999999999999999582380514048094430290541177007580956435125487483
9999999999999999999999999999999999999999999999999999791190257024047215145270588503790478217562743741
9999999999999999999999999999999999999999999999999999895595128512023607572635294251895239108781371870
9999999999999999999999999999999999999999999999999999947797564256011803786317647125947619554390685935
9999999999999999999999999999999999999999999999999999973898782128005901893158823562973809777195342967
9999999999999999999999999999999999999999999999999999986949391064002950946579411781486904888597671483
9999999999999999999999999999999999999999999999999999993474695532001475473289705890743452444298835741
9999999999999999999999999999999999999999999999999999996737347766000737736644852945371726222149417870
9999999999999999999999999999999999999999999999999999998368673883000368868322426472685863111074708935
9999999999999999999999999999999999999999999999999999999184336941500184434161213236342931555537354467
9999999999999999999999999999999999999999999999999999999592168470750092217080606618171465777768677233
9999999999999999999999999999999999999999999999999999999796084235375046108540303309085732888884338616
9999999999999999999999999999999999999999999999999999999898042117687523054270151654542866444442169308
9999999999999999999999999999999999999999999999999999999949021058843761527135075827271433222221084654
9999999999999999999999999999999999999999999999999999999974510529421880763567537913635716611110542327
9999999999999999999999999999999999999999999999999999999987255264710940381783768956817858305555271163
9999999999999999999999999999999999999999999999999999999993627632355470190891884478408929152777635581
9999999999999999999999999999999999999999999999999999999996813816177735095445942239204464576388817790
9999999999999999999999999999999999999999999999999999999998406908088867547722971119602232288194408895
9999999999999999999999999999999999999999999999999999999999203454044433773861485559801116144097204447
9999999999999999999999999999999999999999999999999999999999601727022216886930742779900558072048602223
9999999999999999999999999999999999999999999999999999999999800863511108443465371389950279036024301111
9999999999999999999999999999999999999999999999999999999999900431755554221732685694975139518012150555
9999999999999999999999999999999999999999999999999999999999950215877777110866342847487569759006075277
9999999999999999999999999999999999999999999999999999999999975107938888555433171423743784879503037638
9999999999999999999999999999999999999999999999999999999999987553969444277716585711871892439751518819
9999999999999999999999999999999999999999999999999999999999993776984722138858292855935946219875759409
9999999999999999999999999999999999999999999999999999999999996888492361069429146427967973109937879704
9999999999999999999999999999999999999999999999999999999999998444246180534714573213983986554968939852
9999999999999999999999999999999999999999999999999999999999999222123090267357286606991993277484469926
9999999999999999999999999999999999999999999999999999999999999611061545133678643303495996638742234963
9999999999999999999999999999999999999999999999999999999999999805530772566839321651747998319371117481
9999999999999999999999999999999999999999999999999999999999999902765386283419660825873999159685558740
9999999999999999999999999999999999999999999999999999999999999951382693141709830412936999579842779370
9999999999999999999999999999999999999999999999999999999999999975691346570854915206468499789921389685
9999999999999999999999999999999999999999999999999999999999999987845673285427457603234249894960694842
9999999999999999999999999999999999999999999999999999999999999993922836642713728801617124947480347421
9999999999999999999999999999999999999999999999999999999999999996961418321356864400808562473740173710
9999999999999999999999999999999999999999999999999999999999999998480709160678432200404281236870086855
9999999999999999999999999999999999999999999999999999999999999999240354580339216100202140618435043427
9999999999999999999999999999999999999999999999999999999999999999620177290169608050101070309217521713
9999999999999999999999999999999999999999999999999999999999999999810088645084804025050535154608760856
9999999999999999999999999999999999999999999999999999999999999999905044322542402012525267577304380428
9999999999999999999999999999999999999999999999999999999999999999952522161271201006262633788652190214
9999999999999999999999999999999999999999999999999999999999999999976261080635600503131316894326095107
9999999999999999999999999999999999999999999999999999999999999999988130540317800251565658447163047553
9999999999999999999999999999999999999999999999999999999999999999994065270158900125782829223581523776
9999999999999999999999999999999999999999999999999999999999999999997032635079450062891414611790761888
9999999999999999999999999999999999999999999999999999999999999999998516317539725031445707305895380944
9999999999999999999999999999999999999999999999999999999999999999999258158769862515722853652947690472
9999999999999999999999999999999999999999999999999999999999999999999629079384931257861426826473845236
9999999999999999999999999999999999999999999999999999999999999999999814539692465628930713413236922618
9999999999999999999999999999999999999999999999999999999999999999999907269846232814465356706618461309
9999999999999999999999999999999999999999999999999999999999999999999953634923116407232678353309230654
9999999999999999999999999999999999999999999999999999999999999999999976817461558203616339176654615327
9999999999999999999999999999999999999999999999999999999999999999999988408730779101808169588327307663
9999999999999999999999999999999999999999999999999999999999999999999994204365389550904084794163653831
9999999999999999999999999999999999999999999999999999999999999999999997102182694775452042397081826915
9999999999999999999999999999999999999999999999999999999999999999999998551091347387726021198540913457
9999999999999999999999999999999999999999999999999999999999999999999999275545673693863010599270456728
9999999999999999999999999999999999999999999999999999999999999999999999637772836846931505299635228364
9999999999999999999999999999999999999999999999999999999999999999999999818886418423465752649817614182
9999999999999999999999999999999999999999999999999999999999999999999999909443209211732876324908807091
9999999999999999999999999999999999999999999999999999999999999999999999954721604605866438162454403545
9999999999999999999999999999999999999999999999999999999999999999999999977360802302933219081227201772
9999999999999999999999999999999999999999999999999999999999999999999999988680401151466609540613600886
9999999999999999999999999999999999999999999999999999999999999999999999994340200575733304770306800443
9999999999999999999999999999999999999999999999999999999999999999999999997170100287866652385153400221
9999999999999999999999999999999999999999999999999999999999999999999999998585050143933326192576700110
9999999999999999999999999999999999999999999999999999999999999999999999999292525071966663096288350055
9999999999999999999999999999999999999999999999999999999999999999999999999646262535983331548144175027
9999999999999999999999999999999999999999999999999999999999999999999999999823131267991665774072087513
9999999999999999999999999999999999999999999999999999999999999999999999999911565633995832887036043756
9999999999999999999999999999999999999999999999999999999999999999999999999955782816997916443518021878
9999999999999999999999999999999999999999999999999999999999999999999999999977891408498958221759010939
9999999999999999999999999999999999999999999999999999999999999999999999999988945704249479110879505469
9999999999999999999999999999999999999999999999999999999999999999999999999994472852124739555439752734
9999999999999999999999999999999999999999999999999999999999999999999999999997236426062369777719876367
9999999999999999999999999999999999999999999999999999999999999999999999999998618213031184888859938183
9999999999999999999999999999999999999999999999999999999999999999999999999999309106515592444429969091
9999999999999999999999999999999999999999999999999999999999999999999999999999654553257796222214984545
9999999999999999999999999999999999999999999999999999999999999999999999999999827276628898111107492272
9999999999999999999999999999999999999999999999999999999999999999999999999999913638314449055553746136
9999999999999999999999999999999999999999999999999999999999999999999999999999956819157224527776873068
9999999999999999999999999999999999999999999999999999999999999999999999999999978409578612263888436534
9999999999999999999999999999999999999999999999999999999999999999999999999999989204789306131944218267
9999999999999999999999999999999999999999999999999999999999999999999999999999994602394653065972109133
9999999999999999999999999999999999999999999999999999999999999999999999999999997301197326532986054566
9999999999999999999999999999999999999999999999999999999999999999999999999999998650598663266493027283
9999999999999999999999999999999999999999999999999999999999999999999999999999999325299331633246513641
9999999999999999999999999999999999999999999999999999999999999999999999999999999662649665816623256820
9999999999999999999999999999999999999999999999999999999999999999999999999999999831324832908311628410
9999999999999999999999999999999999999999999999999999999999999999999999999999999915662416454155814205
9999999999999999999999999999999999999999999999999999999999999999999999999999999957831208227077907102
9999999999999999999999999999999999999999999999999999999999999999999999999999999978915604113538953551
9999999999999999999999999999999999999999999999999999999999999999999999999999999989457802056769476775
9999999999999999999999999999999999999999999999999999999999999999999999999999999994728901028384738387
9999999999999999999999999999999999999999999999999999999999999999999999999999999997364450514192369193
9999999999999999999999999999999999999999999999999999999999999999999999999999999998682225257096184596
9999999999999999999999999999999999999999999999999999999999999999999999999999999999341112628548092298
9999999999999999999999999999999999999999999999999999999999999999999999999999999999670556314274046149
9999999999999999999999999999999999999999999999999999999999999999999999999999999999835278157137023074
9999999999999999999999999999999999999999999999999999999999999999999999999999999999917639078568511537
9999999999999999999999999999999999999999999999999999999999999999999999999999999999958819539284255768
9999999999999999999999999999999999999999999999999999999999999999999999999999999999979409769642127884
9999999999999999999999999999999999999999999999999999999999999999999999999999999999989704884821063942
9999999999999999999999999999999999999999999999999999999999999999999999999999999999994852442410531971
9999999999999999999999999999999999999999999999999999999999999999999999999999999999997426221205265985
9999999999999999999999999999999999999999999999999999999999999999999999999999999999998713110602632992
9999999999999999999999999999999999999999999999999999999999999999999999999999999999999356555301316496
9999999999999999999999999999999999999999999999999999999999999999999999999999999999999678277650658248
9999999999999999999999999999999999999999999999999999999999999999999999999999999999999839138825329124
9999999999999999999999999999999999999999999999999999999999999999999999999999999999999919569412664562
9999999999999999999999999999999999999999999999999999999999999999999999999999999999999959784706332281
9999999999999999999999999999999999999999999999999999999999999999999999999999999999999979892353166140
9999999999999999999999999999999999999999999999999999999999999999999999999999999999999989946176583070
9999999999999999999999999999999999999999999999999999999999999999999999999999999999999994973088291535
9999999999999999999999999999999999999999999999999999999999999999999999999999999999999997486544145767
9999999999999999999999999999999999999999999999999999999999999999999999999999999999999998743272072883
9999999999999999999999999999999999999999999999999999999999999999999999999999999999999999371636036441
9999999999999999999999999999999999999999999999999999999999999999999999999999999999999999685818018220
9999999999999999999999999999999999999999999999999999999999999999999999999999999999999999842909009110
9999999999999999999999999999999999999999999999999999999999999999999999999999999999999999921454504555
9999999999999999999999999999999999999999999999999999999999999999999999999999999999999999960727252277
9999999999999999999999999999999999999999999999999999999999999999999999999999999999999999980363626138
9999999999999999999999999999999999999999999999999999999999999999999999999999999999999999990181813069
9999999999999999999999999999999999999999999999999999999999999999999999999999999999999999995090906534
9999999999999999999999999999999999999999999999999999999999999999999999999999999999999999997545453267
9999999999999999999999999999999999999999999999999999999999999999999999999999999999999999998772726633
9999999999999999999999999999999999999999999999999999999999999999999999999999999999999999999386363316
9999999999999999999999999999999999999999999999999999999999999999999999999999999999999999999693181658
9999999999999999999999999999999999999999999999999999999999999999999999999999999999999999999846590829
9999999999999999999999999999999999999999999999999999999999999999999999999999999999999999999923295414
9999999999999999999999999999999999999999999999999999999999999999999999999999999999999999999961647707
9999999999999999999999999999999999999999999999999999999999999999999999999999999999999999999980823853
9999999999999999999999999999999999999999999999999999999999999999999999999999999999999999999990411926
9999999999999999999999999999999999999999999999999999999999999999999999999999999999999999999995205963
9999999999999999999999999999999999999999999999999999999999999999999999999999999999999999999997602981
9999999999999999999999999999999999999999999999999999999999999999999999999999999999999999999998801490
9999999999999999999999999999999999999999999999999999999999999999999999999999999999999999999999400745
9999999999999999999999999999999999999999999999999999999999999999999999999999999999999999999999700372
9999999999999999999999999999999999999999999999999999999999999999999999999999999999999999999999850186
9999999999999999999999999999999999999999999999999999999999999999999999999999999999999999999999925093
9999999999999999999999999999999999999999999999999999999999999999999999999999999999999999999999962546
9999999999999999999999999999999999999999999999999999999999999999999999999999999999999999999999981273
9999999999999999999999999999999999999999999999999999999999999999999999999999999999999999999999990636
9999999999999999999999999999999999999999999999999999999999999999999999999999999999999999999999995318
9999999999999999999999999999999999999999999999999999999999999999999999999999999999999999999999997659
9999999999999999999999999999999999999999999999999999999999999999999999999999999999999999999999998829
9999999999999999999999999999999999999999999999999999999999999999999999999999999999999999999999999414
9999999999999999999999999999999999999999999999999999999999999999999999999999999999999999999999999707
9999999999999999999999999999999999999999999999999999999999999999999999999999999999999999999999999853
9999999999999999999999999999999999999999999999999999999999999999999999999999999999999999999999999926
9999999999999999999999999999999999999999999999999999999999999999999999999999999999999999999999999963
9999999999999999999999999999999999999999999999999999999999999999999999999999999999999999999999999981
9999999999999999999999999999999999999999999999999999999999999999999999999999999999999999999999999990
9999999999999999999999999999999999999999999999999999999999999999999999999999999999999999999999999995
9999999999999999999999999999999999999999999999999999999999999999999999999999999999999999999999999997
9999999999999999999999999999999999999999999999999999999999999999999999999999999999999999999999999998
9999999999999999999999999999999999999999999999999999999999999999999999999999999999999999999999999999
